powtorzenie nr 0
Epoka nr 0dlugosc uczenia epoki: 0 Ilosc błędów walidujace: 30 MSE 0.018947675893152494 Ilosc błędów uczace: 70 MSE 0.018384768180797133
Epoka nr 1dlugosc uczenia epoki: 0 Ilosc błędów walidujace: 30 MSE 0.018763532069634305 Ilosc błędów uczace: 70 MSE 0.018198556303537006
Epoka nr 2dlugosc uczenia epoki: 0 Ilosc błędów walidujace: 30 MSE 0.01858119632160717 Ilosc błędów uczace: 70 MSE 0.018014211412393823
Epoka nr 3dlugosc uczenia epoki: 0 Ilosc błędów walidujace: 30 MSE 0.018400657627036607 Ilosc błędów uczace: 70 MSE 0.017831722112577494
Epoka nr 4dlugosc uczenia epoki: 0 Ilosc błędów walidujace: 30 MSE 0.01822190477144817 Ilosc błędów uczace: 70 MSE 0.017651076799138757
Epoka nr 5dlugosc uczenia epoki: 0 Ilosc błędów walidujace: 30 MSE 0.018044926357970715 Ilosc błędów uczace: 70 MSE 0.017472263667825356
Epoka nr 6dlugosc uczenia epoki: 0 Ilosc błędów walidujace: 30 MSE 0.017869710817172042 Ilosc błędów uczace: 70 MSE 0.017295270725716187
Epoka nr 7dlugosc uczenia epoki: 0 Ilosc błędów walidujace: 30 MSE 0.017696246416685237 Ilosc błędów uczace: 70 MSE 0.01712008580163178
Epoka nr 8dlugosc uczenia epoki: 0 Ilosc błędów walidujace: 30 MSE 0.017524521270624968 Ilosc błędów uczace: 70 MSE 0.01694669655631979
Epoka nr 9dlugosc uczenia epoki: 0 Ilosc błędów walidujace: 30 MSE 0.01735452334879287 Ilosc błędów uczace: 70 MSE 0.016775090492414282
Epoka nr 10dlugosc uczenia epoki: 0 Ilosc błędów walidujace: 30 MSE 0.01718624048567164 Ilosc błędów uczace: 70 MSE 0.01660525496416856
Epoka nr 11dlugosc uczenia epoki: 0 Ilosc błędów walidujace: 30 MSE 0.01701966038920779 Ilosc błędów uczace: 70 MSE 0.01643717718696059
Epoka nr 12dlugosc uczenia epoki: 0 Ilosc błędów walidujace: 30 MSE 0.016854770649383108 Ilosc błędów uczace: 70 MSE 0.016270844246571586
Epoka nr 13dlugosc uczenia epoki: 0 Ilosc błędów walidujace: 30 MSE 0.016691558746575224 Ilosc błędów uczace: 70 MSE 0.01610624310823754
Epoka nr 14dlugosc uczenia epoki: 0 Ilosc błędów walidujace: 30 MSE 0.016530012059707982 Ilosc błędów uczace: 70 MSE 0.01594336062547439
Epoka nr 15dlugosc uczenia epoki: 0 Ilosc błędów walidujace: 30 MSE 0.01637011787419245 Ilosc błędów uczace: 70 MSE 0.015782183548677563
Epoka nr 16dlugosc uczenia epoki: 0 Ilosc błędów walidujace: 30 MSE 0.01621186338965961 Ilosc błędów uczace: 70 MSE 0.01562269853349694
Epoka nr 17dlugosc uczenia epoki: 0 Ilosc błędów walidujace: 30 MSE 0.016055235727485982 Ilosc błędów uczace: 70 MSE 0.015464892148988447
Epoka nr 18dlugosc uczenia epoki: 0 Ilosc błędów walidujace: 30 MSE 0.01590022193811388 Ilosc błędów uczace: 70 MSE 0.015308750885543626
Epoka nr 19dlugosc uczenia epoki: 0 Ilosc błędów walidujace: 30 MSE 0.015746809008167557 Ilosc błędów uczace: 70 MSE 0.015154261162599119
Epoka nr 20dlugosc uczenia epoki: 0 Ilosc błędów walidujace: 30 MSE 0.01559498386736742 Ilosc błędów uczace: 70 MSE 0.015001409336127619
Epoka nr 21dlugosc uczenia epoki: 0 Ilosc błędów walidujace: 30 MSE 0.015444733395244091 Ilosc błędów uczace: 70 MSE 0.014850181705912449
Epoka nr 22dlugosc uczenia epoki: 0 Ilosc błędów walidujace: 30 MSE 0.015296044427654497 Ilosc błędów uczace: 70 MSE 0.014700564522608086
Epoka nr 23dlugosc uczenia epoki: 0 Ilosc błędów walidujace: 30 MSE 0.015148903763102203 Ilosc błędów uczace: 70 MSE 0.014552543994588638
Epoka nr 24dlugosc uczenia epoki: 0 Ilosc błędów walidujace: 30 MSE 0.015003298168864395 Ilosc błędów uczace: 70 MSE 0.01440610629458722
Epoka nr 25dlugosc uczenia epoki: 0 Ilosc błędów walidujace: 30 MSE 0.014859214386927997 Ilosc błędów uczace: 70 MSE 0.014261237566128425
Epoka nr 26dlugosc uczenia epoki: 0 Ilosc błędów walidujace: 30 MSE 0.01471663913973753 Ilosc błędów uczace: 70 MSE 0.014117923929756904
Epoka nr 27dlugosc uczenia epoki: 0 Ilosc błędów walidujace: 30 MSE 0.014575559135757359 Ilosc błędów uczace: 70 MSE 0.013976151489064791
Epoka nr 28dlugosc uczenia epoki: 0 Ilosc błędów walidujace: 30 MSE 0.014435961074851145 Ilosc błędów uczace: 70 MSE 0.013835906336520999
Epoka nr 29dlugosc uczenia epoki: 0 Ilosc błędów walidujace: 30 MSE 0.014297831653481374 Ilosc błędów uczace: 70 MSE 0.013697174559105376
Epoka nr 30dlugosc uczenia epoki: 0 Ilosc błędów walidujace: 30 MSE 0.014161157569731818 Ilosc błędów uczace: 70 MSE 0.013559942243750801
Epoka nr 31dlugosc uczenia epoki: 0 Ilosc błędów walidujace: 30 MSE 0.014025925528156007 Ilosc błędów uczace: 70 MSE 0.013424195482596643
Epoka nr 32dlugosc uczenia epoki: 0 Ilosc błędów walidujace: 30 MSE 0.01389212224445468 Ilosc błędów uczace: 70 MSE 0.013289920378056501
Epoka nr 33dlugosc uczenia epoki: 0 Ilosc błędów walidujace: 30 MSE 0.013759734449985375 Ilosc błędów uczace: 70 MSE 0.013157103047703898
Epoka nr 34dlugosc uczenia epoki: 0 Ilosc błędów walidujace: 30 MSE 0.013628748896107169 Ilosc błędów uczace: 70 MSE 0.01302572962897898
Epoka nr 35dlugosc uczenia epoki: 0 Ilosc błędów walidujace: 30 MSE 0.013499152358363945 Ilosc błędów uczace: 70 MSE 0.012895786283719983
Epoka nr 36dlugosc uczenia epoki: 0 Ilosc błędów walidujace: 30 MSE 0.013370931640509148 Ilosc błędów uczace: 70 MSE 0.012767259202522504
Epoka nr 37dlugosc uczenia epoki: 0 Ilosc błędów walidujace: 30 MSE 0.0132440735783754 Ilosc błędów uczace: 70 MSE 0.012640134608930416
Epoka nr 38dlugosc uczenia epoki: 0 Ilosc błędów walidujace: 30 MSE 0.013118565043592151 Ilosc błędów uczace: 70 MSE 0.012514398763461736
Epoka nr 39dlugosc uczenia epoki: 0 Ilosc błędów walidujace: 30 MSE 0.01299439294715461 Ilosc błędów uczace: 70 MSE 0.01239003796747293
Epoka nr 40dlugosc uczenia epoki: 0 Ilosc błędów walidujace: 30 MSE 0.012871544242847264 Ilosc błędów uczace: 70 MSE 0.012267038566865306
Epoka nr 41dlugosc uczenia epoki: 0 Ilosc błędów walidujace: 30 MSE 0.012750005930525114 Ilosc błędów uczace: 70 MSE 0.012145386955636947
Epoka nr 42dlugosc uczenia epoki: 0 Ilosc błędów walidujace: 30 MSE 0.012629765059256028 Ilosc błędów uczace: 70 MSE 0.012025069579283626
Epoka nr 43dlugosc uczenia epoki: 0 Ilosc błędów walidujace: 30 MSE 0.012510808730327356 Ilosc błędów uczace: 70 MSE 0.011906072938052428
Epoka nr 44dlugosc uczenia epoki: 0 Ilosc błędów walidujace: 30 MSE 0.012393124100120055 Ilosc błędów uczace: 70 MSE 0.011788383590051372
Epoka nr 45dlugosc uczenia epoki: 0 Ilosc błędów walidujace: 30 MSE 0.012276698382853569 Ilosc błędów uczace: 70 MSE 0.011671988154218658
Epoka nr 46dlugosc uczenia epoki: 0 Ilosc błędów walidujace: 30 MSE 0.01216151885320462 Ilosc błędów uczace: 70 MSE 0.011556873313154975
Epoka nr 47dlugosc uczenia epoki: 0 Ilosc błędów walidujace: 30 MSE 0.012047572848803156 Ilosc błędów uczace: 70 MSE 0.011443025815822336
Epoka nr 48dlugosc uczenia epoki: 0 Ilosc błędów walidujace: 30 MSE 0.01193484777260854 Ilosc błędów uczace: 70 MSE 0.011330432480112805
Epoka nr 49dlugosc uczenia epoki: 0 Ilosc błędów walidujace: 30 MSE 0.011823331095169119 Ilosc błędów uczace: 70 MSE 0.011219080195290687
Epoka nr 50dlugosc uczenia epoki: 0 Ilosc błędów walidujace: 30 MSE 0.011713010356768316 Ilosc błędów uczace: 70 MSE 0.011108955924311333
Epoka nr 51dlugosc uczenia epoki: 0 Ilosc błędów walidujace: 30 MSE 0.011603873169460266 Ilosc błędów uczace: 70 MSE 0.011000046706020014
Epoka nr 52dlugosc uczenia epoki: 0 Ilosc błędów walidujace: 30 MSE 0.011495907218998014 Ilosc błędów uczace: 70 MSE 0.010892339657234205
Epoka nr 53dlugosc uczenia epoki: 0 Ilosc błędów walidujace: 30 MSE 0.011389100266657305 Ilosc błędów uczace: 70 MSE 0.010785821974712423
Epoka nr 54dlugosc uczenia epoki: 0 Ilosc błędów walidujace: 30 MSE 0.01128344015095892 Ilosc błędów uczace: 70 MSE 0.01068048093701295
Epoka nr 55dlugosc uczenia epoki: 0 Ilosc błędów walidujace: 30 MSE 0.011178914789292423 Ilosc błędów uczace: 70 MSE 0.01057630390624549
Epoka nr 56dlugosc uczenia epoki: 0 Ilosc błędów walidujace: 30 MSE 0.011075512179444264 Ilosc błędów uczace: 70 MSE 0.010473278329719057
Epoka nr 57dlugosc uczenia epoki: 0 Ilosc błędów walidujace: 30 MSE 0.010973220401033004 Ilosc błędów uczace: 70 MSE 0.010371391741489025
Epoka nr 58dlugosc uczenia epoki: 0 Ilosc błędów walidujace: 30 MSE 0.010872027616854475 Ilosc błędów uczace: 70 MSE 0.010270631763806473
Epoka nr 59dlugosc uczenia epoki: 0 Ilosc błędów walidujace: 30 MSE 0.010771922074139639 Ilosc błędów uczace: 70 MSE 0.010170986108472745
Epoka nr 60dlugosc uczenia epoki: 0 Ilosc błędów walidujace: 30 MSE 0.010672892105727786 Ilosc błędów uczace: 70 MSE 0.010072442578102239
Epoka nr 61dlugosc uczenia epoki: 0 Ilosc błędów walidujace: 30 MSE 0.010574926131157769 Ilosc błędów uczace: 70 MSE 0.009974989067296287
Epoka nr 62dlugosc uczenia epoki: 0 Ilosc błędów walidujace: 30 MSE 0.010478012657679857 Ilosc błędów uczace: 70 MSE 0.009878613563730872
Epoka nr 63dlugosc uczenia epoki: 0 Ilosc błędów walidujace: 30 MSE 0.010382140281190732 Ilosc błędów uczace: 70 MSE 0.009783304149161112
Epoka nr 64dlugosc uczenia epoki: 0 Ilosc błędów walidujace: 30 MSE 0.0102872976870942 Ilosc błędów uczace: 70 MSE 0.009689049000345167
Epoka nr 65dlugosc uczenia epoki: 0 Ilosc błędów walidujace: 30 MSE 0.010193473651089996 Ilosc błędów uczace: 70 MSE 0.009595836389890203
Epoka nr 66dlugosc uczenia epoki: 0 Ilosc błędów walidujace: 30 MSE 0.010100657039893103 Ilosc błędów uczace: 70 MSE 0.00950365468702315
Epoka nr 67dlugosc uczenia epoki: 0 Ilosc błędów walidujace: 30 MSE 0.010008836811886026 Ilosc błędów uczace: 70 MSE 0.009412492358288652
Epoka nr 68dlugosc uczenia epoki: 0 Ilosc błędów walidujace: 30 MSE 0.00991800201770614 Ilosc błędów uczace: 70 MSE 0.009322337968176954
Epoka nr 69dlugosc uczenia epoki: 0 Ilosc błędów walidujace: 30 MSE 0.009828141800770596 Ilosc błędów uczace: 70 MSE 0.009233180179683945
Epoka nr 70dlugosc uczenia epoki: 0 Ilosc błędów walidujace: 30 MSE 0.009739245397740818 Ilosc błędów uczace: 70 MSE 0.009145007754805935
Epoka nr 71dlugosc uczenia epoki: 0 Ilosc błędów walidujace: 30 MSE 0.009651302138928772 Ilosc błędów uczace: 70 MSE 0.009057809554971439
Epoka nr 72dlugosc uczenia epoki: 0 Ilosc błędów walidujace: 30 MSE 0.009564301448647224 Ilosc błędów uczace: 70 MSE 0.008971574541412265
Epoka nr 73dlugosc uczenia epoki: 0 Ilosc błędów walidujace: 30 MSE 0.009478232845505884 Ilosc błędów uczace: 70 MSE 0.008886291775476186
Epoka nr 74dlugosc uczenia epoki: 0 Ilosc błędów walidujace: 30 MSE 0.009393085942655578 Ilosc błędów uczace: 70 MSE 0.008801950418883358
Epoka nr 75dlugosc uczenia epoki: 0 Ilosc błędów walidujace: 30 MSE 0.009308850447982317 Ilosc błędów uczace: 70 MSE 0.0087185397339286
Epoka nr 76dlugosc uczenia epoki: 0 Ilosc błędów walidujace: 30 MSE 0.009225516164253218 Ilosc błędów uczace: 70 MSE 0.008636049083631699
Epoka nr 77dlugosc uczenia epoki: 0 Ilosc błędów walidujace: 30 MSE 0.009143072989216123 Ilosc błędów uczace: 70 MSE 0.00855446793183763
Epoka nr 78dlugosc uczenia epoki: 0 Ilosc błędów walidujace: 30 MSE 0.00906151091565474 Ilosc błędów uczace: 70 MSE 0.008473785843268812
Epoka nr 79dlugosc uczenia epoki: 0 Ilosc błędów walidujace: 30 MSE 0.008980820031401071 Ilosc błędów uczace: 70 MSE 0.008393992483531284
Epoka nr 80dlugosc uczenia epoki: 0 Ilosc błędów walidujace: 30 MSE 0.008900990519306833 Ilosc błędów uczace: 70 MSE 0.008315077619076574
Epoka nr 81dlugosc uczenia epoki: 0 Ilosc błędów walidujace: 30 MSE 0.008822012657175577 Ilosc błędów uczace: 70 MSE 0.008237031117121254
Epoka nr 82dlugosc uczenia epoki: 0 Ilosc błędów walidujace: 30 MSE 0.008743876817657106 Ilosc błędów uczace: 70 MSE 0.008159842945525861
Epoka nr 83dlugosc uczenia epoki: 0 Ilosc błędów walidujace: 30 MSE 0.008666573468105804 Ilosc błędów uczace: 70 MSE 0.00808350317263489
Epoka nr 84dlugosc uczenia epoki: 0 Ilosc błędów walidujace: 30 MSE 0.008590093170404389 Ilosc błędów uczace: 70 MSE 0.008008001967079577
Epoka nr 85dlugosc uczenia epoki: 0 Ilosc błędów walidujace: 30 MSE 0.008514426580754608 Ilosc błędów uczace: 70 MSE 0.007933329597545146
Epoka nr 86dlugosc uczenia epoki: 0 Ilosc błędów walidujace: 30 MSE 0.008439564449436361 Ilosc błędów uczace: 70 MSE 0.007859476432504035
Epoka nr 87dlugosc uczenia epoki: 0 Ilosc błędów walidujace: 30 MSE 0.008365497620536566 Ilosc błędów uczace: 70 MSE 0.007786432939916597
Epoka nr 88dlugosc uczenia epoki: 0 Ilosc błędów walidujace: 30 MSE 0.008292217031649268 Ilosc błędów uczace: 70 MSE 0.007714189686900984
Epoka nr 89dlugosc uczenia epoki: 0 Ilosc błędów walidujace: 30 MSE 0.008219713713548207 Ilosc błędów uczace: 70 MSE 0.007642737339373323
Epoka nr 90dlugosc uczenia epoki: 0 Ilosc błędów walidujace: 30 MSE 0.008147978789833248 Ilosc błędów uczace: 70 MSE 0.007572066661659964
Epoka nr 91dlugosc uczenia epoki: 0 Ilosc błędów walidujace: 30 MSE 0.008077003476551848 Ilosc błędów uczace: 70 MSE 0.0075021685160828735
Epoka nr 92dlugosc uczenia epoki: 0 Ilosc błędów walidujace: 30 MSE 0.008006779081796747 Ilosc błędów uczace: 70 MSE 0.007433033862519596
Epoka nr 93dlugosc uczenia epoki: 0 Ilosc błędów walidujace: 30 MSE 0.00793729700528121 Ilosc błędów uczace: 70 MSE 0.007364653757939139
Epoka nr 94dlugosc uczenia epoki: 0 Ilosc błędów walidujace: 30 MSE 0.007868548737892772 Ilosc błędów uczace: 70 MSE 0.007297019355914908
Epoka nr 95dlugosc uczenia epoki: 0 Ilosc błędów walidujace: 30 MSE 0.007800525861226748 Ilosc błędów uczace: 70 MSE 0.007230121906115917
Epoka nr 96dlugosc uczenia epoki: 0 Ilosc błędów walidujace: 30 MSE 0.007733220047100461 Ilosc błędów uczace: 70 MSE 0.007163952753777502
Epoka nr 97dlugosc uczenia epoki: 1 Ilosc błędów walidujace: 30 MSE 0.007666623057049343 Ilosc błędów uczace: 70 MSE 0.00709850333915259
Epoka nr 98dlugosc uczenia epoki: 0 Ilosc błędów walidujace: 30 MSE 0.007600726741805746 Ilosc błędów uczace: 70 MSE 0.007033765196944613
Epoka nr 99dlugosc uczenia epoki: 0 Ilosc błędów walidujace: 30 MSE 0.007535523040761619 Ilosc błędów uczace: 70 MSE 0.0069697299557231925
powtorzenie nr 1
Epoka nr 0dlugosc uczenia epoki: 0 Ilosc błędów walidujace: 30 MSE 0.019028264742791547 Ilosc błędów uczace: 70 MSE 0.018461945316266347
Epoka nr 1dlugosc uczenia epoki: 0 Ilosc błędów walidujace: 30 MSE 0.018843358721247507 Ilosc błędów uczace: 70 MSE 0.01827496781633525
Epoka nr 2dlugosc uczenia epoki: 0 Ilosc błędów walidujace: 30 MSE 0.018660265172213367 Ilosc błędów uczace: 70 MSE 0.018089861898795842
Epoka nr 3dlugosc uczenia epoki: 0 Ilosc błędów walidujace: 30 MSE 0.01847897315915821 Ilosc błędów uczace: 70 MSE 0.017906616257012044
Epoka nr 4dlugosc uczenia epoki: 0 Ilosc błędów walidujace: 30 MSE 0.018299471548874333 Ilosc błędów uczace: 70 MSE 0.01772521936971256
Epoka nr 5dlugosc uczenia epoki: 0 Ilosc błędów walidujace: 30 MSE 0.018121749021605307 Ilosc błędów uczace: 70 MSE 0.017545659511937223
Epoka nr 6dlugosc uczenia epoki: 0 Ilosc błędów walidujace: 30 MSE 0.017945794080966884 Ilosc błędów uczace: 70 MSE 0.017367924765762176
Epoka nr 7dlugosc uczenia epoki: 0 Ilosc błędów walidujace: 30 MSE 0.017771595063659367 Ilosc błędów uczace: 70 MSE 0.017192003030801914
Epoka nr 8dlugosc uczenia epoki: 0 Ilosc błędów walidujace: 30 MSE 0.017599140148970186 Ilosc błędów uczace: 70 MSE 0.017017882034486936
Epoka nr 9dlugosc uczenia epoki: 0 Ilosc błędów walidujace: 30 MSE 0.017428417368065937 Ilosc błędów uczace: 70 MSE 0.016845549342115494
Epoka nr 10dlugosc uczenia epoki: 0 Ilosc błędów walidujace: 30 MSE 0.017259414613073277 Ilosc błędów uczace: 70 MSE 0.016674992366678937
Epoka nr 11dlugosc uczenia epoki: 0 Ilosc błędów walidujace: 30 MSE 0.017092119645948513 Ilosc błędów uczace: 70 MSE 0.016506198378460003
Epoka nr 12dlugosc uczenia epoki: 0 Ilosc błędów walidujace: 30 MSE 0.016926520107135797 Ilosc błędów uczace: 70 MSE 0.016339154514404024
Epoka nr 13dlugosc uczenia epoki: 0 Ilosc błędów walidujace: 30 MSE 0.016762603524014427 Ilosc błędów uczace: 70 MSE 0.016173847787262986
Epoka nr 14dlugosc uczenia epoki: 0 Ilosc błędów walidujace: 30 MSE 0.016600357319135478 Ilosc błędów uczace: 70 MSE 0.01601026509451296
Epoka nr 15dlugosc uczenia epoki: 0 Ilosc błędów walidujace: 30 MSE 0.01643976881824887 Ilosc błędów uczace: 70 MSE 0.01584839322704562
Epoka nr 16dlugosc uczenia epoki: 0 Ilosc błędów walidujace: 30 MSE 0.01628082525812158 Ilosc błędów uczace: 70 MSE 0.015688218877634556
Epoka nr 17dlugosc uczenia epoki: 0 Ilosc błędów walidujace: 30 MSE 0.01612351379414839 Ilosc błędów uczace: 70 MSE 0.0155297286491778
Epoka nr 18dlugosc uczenia epoki: 0 Ilosc błędów walidujace: 30 MSE 0.015967821507756483 Ilosc błędów uczace: 70 MSE 0.01537290906271766
Epoka nr 19dlugosc uczenia epoki: 0 Ilosc błędów walidujace: 30 MSE 0.015813735413605413 Ilosc błędów uczace: 70 MSE 0.015217746565239708
Epoka nr 20dlugosc uczenia epoki: 0 Ilosc błędów walidujace: 30 MSE 0.01566124246658433 Ilosc błędów uczace: 70 MSE 0.015064227537252459
Epoka nr 21dlugosc uczenia epoki: 0 Ilosc błędów walidujace: 30 MSE 0.015510329568608242 Ilosc błędów uczace: 70 MSE 0.014912338300149885
Epoka nr 22dlugosc uczenia epoki: 0 Ilosc błędów walidujace: 30 MSE 0.015360983575215448 Ilosc błędów uczace: 70 MSE 0.014762065123358809
Epoka nr 23dlugosc uczenia epoki: 0 Ilosc błędów walidujace: 30 MSE 0.015213191301968314 Ilosc błędów uczace: 70 MSE 0.014613394231273384
Epoka nr 24dlugosc uczenia epoki: 0 Ilosc błędów walidujace: 30 MSE 0.015066939530659702 Ilosc błędów uczace: 70 MSE 0.014466311809979362
Epoka nr 25dlugosc uczenia epoki: 0 Ilosc błędów walidujace: 30 MSE 0.014922215015327523 Ilosc błędów uczace: 70 MSE 0.01432080401377035
Epoka nr 26dlugosc uczenia epoki: 0 Ilosc błędów walidujace: 30 MSE 0.014779004488079964 Ilosc błędów uczace: 70 MSE 0.014176856971459113
Epoka nr 27dlugosc uczenia epoki: 0 Ilosc błędów walidujace: 30 MSE 0.014637294664734013 Ilosc błędów uczace: 70 MSE 0.014034456792486417
Epoka nr 28dlugosc uczenia epoki: 0 Ilosc błędów walidujace: 30 MSE 0.01449707225027006 Ilosc błędów uczace: 70 MSE 0.013893589572830633
Epoka nr 29dlugosc uczenia epoki: 0 Ilosc błędów walidujace: 30 MSE 0.01435832394410537 Ilosc błędów uczace: 70 MSE 0.01375424140072083
Epoka nr 30dlugosc uczenia epoki: 0 Ilosc błędów walidujace: 30 MSE 0.014221036445189338 Ilosc błędów uczace: 70 MSE 0.013616398362156643
Epoka nr 31dlugosc uczenia epoki: 0 Ilosc błędów walidujace: 30 MSE 0.0140851964569235 Ilosc błędów uczace: 70 MSE 0.013480046546238017
Epoka nr 32dlugosc uczenia epoki: 0 Ilosc błędów walidujace: 30 MSE 0.013950790691909324 Ilosc błędów uczace: 70 MSE 0.013345172050308057
Epoka nr 33dlugosc uczenia epoki: 0 Ilosc błędów walidujace: 30 MSE 0.013817805876526786 Ilosc błędów uczace: 70 MSE 0.013211760984912339
Epoka nr 34dlugosc uczenia epoki: 0 Ilosc błędów walidujace: 30 MSE 0.013686228755346933 Ilosc błędów uczace: 70 MSE 0.013079799478577969
Epoka nr 35dlugosc uczenia epoki: 0 Ilosc błędów walidujace: 30 MSE 0.013556046095381588 Ilosc błędów uczace: 70 MSE 0.012949273682415774
Epoka nr 36dlugosc uczenia epoki: 0 Ilosc błędów walidujace: 30 MSE 0.01342724469017325 Ilosc błędów uczace: 70 MSE 0.012820169774549216
Epoka nr 37dlugosc uczenia epoki: 0 Ilosc błędów walidujace: 30 MSE 0.013299811363728615 Ilosc błędów uczace: 70 MSE 0.012692473964373233
Epoka nr 38dlugosc uczenia epoki: 0 Ilosc błędów walidujace: 30 MSE 0.013173732974298689 Ilosc błędów uczace: 70 MSE 0.012566172496646776
Epoka nr 39dlugosc uczenia epoki: 0 Ilosc błędów walidujace: 30 MSE 0.013048996418008973 Ilosc błędów uczace: 70 MSE 0.012441251655422252
Epoka nr 40dlugosc uczenia epoki: 0 Ilosc błędów walidujace: 30 MSE 0.012925588632342803 Ilosc błędów uczace: 70 MSE 0.012317697767815692
Epoka nr 41dlugosc uczenia epoki: 0 Ilosc błędów walidujace: 30 MSE 0.012803496599481167 Ilosc błędów uczace: 70 MSE 0.012195497207620972
Epoka nr 42dlugosc uczenia epoki: 0 Ilosc błędów walidujace: 30 MSE 0.01268270734950225 Ilosc błędów uczace: 70 MSE 0.012074636398771571
Epoka nr 43dlugosc uczenia epoki: 0 Ilosc błędów walidujace: 30 MSE 0.012563207963443934 Ilosc błędów uczace: 70 MSE 0.011955101818653656
Epoka nr 44dlugosc uczenia epoki: 0 Ilosc błędów walidujace: 30 MSE 0.012444985576232475 Ilosc błędów uczace: 70 MSE 0.011836880001273656
Epoka nr 45dlugosc uczenia epoki: 0 Ilosc błędów walidujace: 30 MSE 0.012328027379480662 Ilosc błędów uczace: 70 MSE 0.01171995754028412
Epoka nr 46dlugosc uczenia epoki: 0 Ilosc błędów walidujace: 30 MSE 0.01221232062415853 Ilosc błędów uczace: 70 MSE 0.011604321091871189
Epoka nr 47dlugosc uczenia epoki: 0 Ilosc błędów walidujace: 30 MSE 0.012097852623139947 Ilosc błędów uczace: 70 MSE 0.011489957377507133
Epoka nr 48dlugosc uczenia epoki: 0 Ilosc błędów walidujace: 30 MSE 0.011984610753628132 Ilosc błędów uczace: 70 MSE 0.011376853186571513
Epoka nr 49dlugosc uczenia epoki: 0 Ilosc błędów walidujace: 30 MSE 0.011872582459463361 Ilosc błędów uczace: 70 MSE 0.011264995378844284
Epoka nr 50dlugosc uczenia epoki: 0 Ilosc błędów walidujace: 30 MSE 0.011761755253315803 Ilosc błędów uczace: 70 MSE 0.011154370886874238
Epoka nr 51dlugosc uczenia epoki: 0 Ilosc błędów walidujace: 30 MSE 0.011652116718766717 Ilosc błędów uczace: 70 MSE 0.011044966718226145
Epoka nr 52dlugosc uczenia epoki: 0 Ilosc błędów walidujace: 30 MSE 0.011543654512280984 Ilosc błędów uczace: 70 MSE 0.010936769957609928
Epoka nr 53dlugosc uczenia epoki: 0 Ilosc błędów walidujace: 30 MSE 0.011436356365073981 Ilosc błędów uczace: 70 MSE 0.010829767768895125
Epoka nr 54dlugosc uczenia epoki: 0 Ilosc błędów walidujace: 30 MSE 0.011330210084875787 Ilosc błędów uczace: 70 MSE 0.010723947397013857
Epoka nr 55dlugosc uczenia epoki: 0 Ilosc błędów walidujace: 30 MSE 0.011225203557595627 Ilosc błędów uczace: 70 MSE 0.010619296169755554
Epoka nr 56dlugosc uczenia epoki: 0 Ilosc błędów walidujace: 30 MSE 0.01112132474888948 Ilosc błędów uczace: 70 MSE 0.010515801499456518
Epoka nr 57dlugosc uczenia epoki: 0 Ilosc błędów walidujace: 30 MSE 0.011018561705633641 Ilosc błędów uczace: 70 MSE 0.010413450884587467
Epoka nr 58dlugosc uczenia epoki: 0 Ilosc błędów walidujace: 30 MSE 0.010916902557307139 Ilosc błędów uczace: 70 MSE 0.010312231911242168
Epoka nr 59dlugosc uczenia epoki: 0 Ilosc błędów walidujace: 30 MSE 0.010816335517285629 Ilosc błędów uczace: 70 MSE 0.01021213225453001
Epoka nr 60dlugosc uczenia epoki: 0 Ilosc błędów walidujace: 30 MSE 0.010716848884049633 Ilosc błędów uczace: 70 MSE 0.010113139679875692
Epoka nr 61dlugosc uczenia epoki: 0 Ilosc błędów walidujace: 30 MSE 0.01061843104230962 Ilosc błędów uczace: 70 MSE 0.010015242044228703
Epoka nr 62dlugosc uczenia epoki: 0 Ilosc błędów walidujace: 30 MSE 0.01052107046405075 Ilosc błędów uczace: 70 MSE 0.00991842729718569
Epoka nr 63dlugosc uczenia epoki: 0 Ilosc błędów walidujace: 30 MSE 0.010424755709499649 Ilosc błędów uczace: 70 MSE 0.009822683482028308
Epoka nr 64dlugosc uczenia epoki: 0 Ilosc błędów walidujace: 30 MSE 0.010329475428015862 Ilosc błędów uczace: 70 MSE 0.009727998736679429
Epoka nr 65dlugosc uczenia epoki: 0 Ilosc błędów walidujace: 30 MSE 0.010235218358910452 Ilosc błędów uczace: 70 MSE 0.009634361294580387
Epoka nr 66dlugosc uczenia epoki: 0 Ilosc błędów walidujace: 30 MSE 0.010141973332194099 Ilosc błędów uczace: 70 MSE 0.009541759485491847
Epoka nr 67dlugosc uczenia epoki: 0 Ilosc błędów walidujace: 30 MSE 0.010049729269257148 Ilosc błędów uczace: 70 MSE 0.009450181736220961
Epoka nr 68dlugosc uczenia epoki: 0 Ilosc błędów walidujace: 30 MSE 0.009958475183483875 Ilosc błędów uczace: 70 MSE 0.009359616571277343
Epoka nr 69dlugosc uczenia epoki: 0 Ilosc błędów walidujace: 30 MSE 0.009868200180803314 Ilosc błędów uczace: 70 MSE 0.009270052613460245
Epoka nr 70dlugosc uczenia epoki: 0 Ilosc błędów walidujace: 30 MSE 0.009778893460178783 Ilosc błędów uczace: 70 MSE 0.009181478584379515
Epoka nr 71dlugosc uczenia epoki: 0 Ilosc błędów walidujace: 30 MSE 0.00969054431403834 Ilosc błędów uczace: 70 MSE 0.009093883304912573
Epoka nr 72dlugosc uczenia epoki: 0 Ilosc błędów walidujace: 30 MSE 0.009603142128648308 Ilosc błędów uczace: 70 MSE 0.00900725569559981
Epoka nr 73dlugosc uczenia epoki: 0 Ilosc błędów walidujace: 30 MSE 0.00951667638443189 Ilosc błędów uczace: 70 MSE 0.00892158477698064
Epoka nr 74dlugosc uczenia epoki: 0 Ilosc błędów walidujace: 30 MSE 0.009431136656234955 Ilosc błędów uczace: 70 MSE 0.008836859669872396
Epoka nr 75dlugosc uczenia epoki: 0 Ilosc błędów walidujace: 30 MSE 0.009346512613540928 Ilosc błędów uczace: 70 MSE 0.00875306959559432
Epoka nr 76dlugosc uczenia epoki: 0 Ilosc błędów walidujace: 30 MSE 0.009262794020636757 Ilosc błędów uczace: 70 MSE 0.008670203876138568
Epoka nr 77dlugosc uczenia epoki: 0 Ilosc błędów walidujace: 30 MSE 0.009179970736731807 Ilosc błędów uczace: 70 MSE 0.008588251934290515
Epoka nr 78dlugosc uczenia epoki: 0 Ilosc błędów walidujace: 30 MSE 0.009098032716031537 Ilosc błędów uczace: 70 MSE 0.008507203293700177
Epoka nr 79dlugosc uczenia epoki: 0 Ilosc błędów walidujace: 30 MSE 0.009016970007767714 Ilosc błędów uczace: 70 MSE 0.00842704757890675
Epoka nr 80dlugosc uczenia epoki: 0 Ilosc błędów walidujace: 30 MSE 0.008936772756186947 Ilosc błędów uczace: 70 MSE 0.008347774515318221
Epoka nr 81dlugosc uczenia epoki: 0 Ilosc błędów walidujace: 30 MSE 0.008857431200499215 Ilosc błędów uczace: 70 MSE 0.0082693739291478
Epoka nr 82dlugosc uczenia epoki: 0 Ilosc błędów walidujace: 30 MSE 0.008778935674788012 Ilosc błędów uczace: 70 MSE 0.008191835747309051
Epoka nr 83dlugosc uczenia epoki: 0 Ilosc błędów walidujace: 30 MSE 0.008701276607883774 Ilosc błędów uczace: 70 MSE 0.008115149997271434
Epoka nr 84dlugosc uczenia epoki: 0 Ilosc błędów walidujace: 30 MSE 0.008624444523202076 Ilosc błędów uczace: 70 MSE 0.008039306806877915
Epoka nr 85dlugosc uczenia epoki: 0 Ilosc błędów walidujace: 30 MSE 0.00854843003854819 Ilosc błędów uczace: 70 MSE 0.007964296404126391
Epoka nr 86dlugosc uczenia epoki: 1 Ilosc błędów walidujace: 30 MSE 0.00847322386588941 Ilosc błędów uczace: 70 MSE 0.00789010911691648
Epoka nr 87dlugosc uczenia epoki: 0 Ilosc błędów walidujace: 30 MSE 0.008398816811096596 Ilosc błędów uczace: 70 MSE 0.007816735372763173
Epoka nr 88dlugosc uczenia epoki: 0 Ilosc błędów walidujace: 30 MSE 0.008325199773656367 Ilosc błędów uczace: 70 MSE 0.007744165698478987
Epoka nr 89dlugosc uczenia epoki: 0 Ilosc błędów walidujace: 30 MSE 0.008252363746355231 Ilosc błędów uczace: 70 MSE 0.007672390719825967
Epoka nr 90dlugosc uczenia epoki: 0 Ilosc błędów walidujace: 30 MSE 0.008180299814937012 Ilosc błędów uczace: 70 MSE 0.007601401161139094
Epoka nr 91dlugosc uczenia epoki: 0 Ilosc błędów walidujace: 30 MSE 0.008108999157734801 Ilosc błędów uczace: 70 MSE 0.00753118784492228
Epoka nr 92dlugosc uczenia epoki: 0 Ilosc błędów walidujace: 30 MSE 0.008038453045278664 Ilosc błędów uczace: 70 MSE 0.007461741691418486
Epoka nr 93dlugosc uczenia epoki: 0 Ilosc błędów walidujace: 30 MSE 0.007968652839880387 Ilosc błędów uczace: 70 MSE 0.007393053718155213
Epoka nr 94dlugosc uczenia epoki: 0 Ilosc błędów walidujace: 30 MSE 0.007899589995196262 Ilosc błędów uczace: 70 MSE 0.0073251150394664675
Epoka nr 95dlugosc uczenia epoki: 0 Ilosc błędów walidujace: 30 MSE 0.00783125605576916 Ilosc błędów uczace: 70 MSE 0.007257916865992659
Epoka nr 96dlugosc uczenia epoki: 0 Ilosc błędów walidujace: 30 MSE 0.007763642656550934 Ilosc błędów uczace: 70 MSE 0.0071914505041594055
Epoka nr 97dlugosc uczenia epoki: 0 Ilosc błędów walidujace: 30 MSE 0.007696741522406209 Ilosc błędów uczace: 70 MSE 0.00712570735563656
Epoka nr 98dlugosc uczenia epoki: 0 Ilosc błędów walidujace: 30 MSE 0.007630544467598512 Ilosc błędów uczace: 70 MSE 0.007060678916778355
Epoka nr 99dlugosc uczenia epoki: 0 Ilosc błędów walidujace: 30 MSE 0.007565043395259853 Ilosc błędów uczace: 70 MSE 0.006996356778045918
powtorzenie nr 2
Epoka nr 0dlugosc uczenia epoki: 0 Ilosc błędów walidujace: 30 MSE 0.018813435424720002 Ilosc błędów uczace: 70 MSE 0.0183144832583221
Epoka nr 1dlugosc uczenia epoki: 0 Ilosc błędów walidujace: 30 MSE 0.018630184929632417 Ilosc błędów uczace: 70 MSE 0.018128881909281802
Epoka nr 2dlugosc uczenia epoki: 0 Ilosc błędów walidujace: 30 MSE 0.018448739556843202 Ilosc błędów uczace: 70 MSE 0.017945143741535077
Epoka nr 3dlugosc uczenia epoki: 0 Ilosc błędów walidujace: 30 MSE 0.018269088165224778 Ilosc błędów uczace: 70 MSE 0.017763257303445055
Epoka nr 4dlugosc uczenia epoki: 0 Ilosc błędów walidujace: 30 MSE 0.01809121942557608 Ilosc błędów uczace: 70 MSE 0.017583210936475475
Epoka nr 5dlugosc uczenia epoki: 0 Ilosc błędów walidujace: 30 MSE 0.01791512183059262 Ilosc błędów uczace: 70 MSE 0.017404992785972066
Epoka nr 6dlugosc uczenia epoki: 0 Ilosc błędów walidujace: 30 MSE 0.017740783704627748 Ilosc błędów uczace: 70 MSE 0.017228590811721813
Epoka nr 7dlugosc uczenia epoki: 0 Ilosc błędów walidujace: 30 MSE 0.01756819321324395 Ilosc błędów uczace: 70 MSE 0.017053992798288693
Epoka nr 8dlugosc uczenia epoki: 0 Ilosc błędów walidujace: 30 MSE 0.017397338372553337 Ilosc błędów uczace: 70 MSE 0.016881186365124316
Epoka nr 9dlugosc uczenia epoki: 0 Ilosc błędów walidujace: 30 MSE 0.017228207058346608 Ilosc błędów uczace: 70 MSE 0.016710158976452828
Epoka nr 10dlugosc uczenia epoki: 0 Ilosc błędów walidujace: 30 MSE 0.017060787015010386 Ilosc błędów uczace: 70 MSE 0.01654089795092935
Epoka nr 11dlugosc uczenia epoki: 0 Ilosc błędów walidujace: 30 MSE 0.016895065864232707 Ilosc błędów uczace: 70 MSE 0.01637339047107169
Epoka nr 12dlugosc uczenia epoki: 0 Ilosc błędów walidujace: 30 MSE 0.016731031113497073 Ilosc błędów uczace: 70 MSE 0.016207623592465355
Epoka nr 13dlugosc uczenia epoki: 0 Ilosc błędów walidujace: 30 MSE 0.016568670164365477 Ilosc błędów uczace: 70 MSE 0.016043584252742216
Epoka nr 14dlugosc uczenia epoki: 0 Ilosc błędów walidujace: 30 MSE 0.01640797032055107 Ilosc błędów uczace: 70 MSE 0.015881259280333317
Epoka nr 15dlugosc uczenia epoki: 0 Ilosc błędów walidujace: 30 MSE 0.016248918795781667 Ilosc błędów uczace: 70 MSE 0.015720635402996713
Epoka nr 16dlugosc uczenia epoki: 0 Ilosc błędów walidujace: 30 MSE 0.016091502721454893 Ilosc błędów uczace: 70 MSE 0.01556169925612145
Epoka nr 17dlugosc uczenia epoki: 0 Ilosc błędów walidujace: 30 MSE 0.015935709154086656 Ilosc błędów uczace: 70 MSE 0.015404437390808783
Epoka nr 18dlugosc uczenia epoki: 0 Ilosc błędów walidujace: 30 MSE 0.015781525082554364 Ilosc błędów uczace: 70 MSE 0.015248836281732436
Epoka nr 19dlugosc uczenia epoki: 0 Ilosc błędów walidujace: 30 MSE 0.01562893743513648 Ilosc błędów uczace: 70 MSE 0.015094882334779352
Epoka nr 20dlugosc uczenia epoki: 0 Ilosc błędów walidujace: 30 MSE 0.015477933086350613 Ilosc błędów uczace: 70 MSE 0.01494256189447294
Epoka nr 21dlugosc uczenia epoki: 0 Ilosc błędów walidujace: 30 MSE 0.015328498863591833 Ilosc błędów uczace: 70 MSE 0.01479186125118097
Epoka nr 22dlugosc uczenia epoki: 0 Ilosc błędów walidujace: 30 MSE 0.01518062155357368 Ilosc błędów uczace: 70 MSE 0.014642766648110036
Epoka nr 23dlugosc uczenia epoki: 0 Ilosc błędów walidujace: 30 MSE 0.015034287908573947 Ilosc błędów uczace: 70 MSE 0.014495264288089452
Epoka nr 24dlugosc uczenia epoki: 0 Ilosc błędów walidujace: 30 MSE 0.014889484652487824 Ilosc błędów uczace: 70 MSE 0.014349340340146585
Epoka nr 25dlugosc uczenia epoki: 0 Ilosc błędów walidujace: 30 MSE 0.014746198486690893 Ilosc błędów uczace: 70 MSE 0.014204980945876713
Epoka nr 26dlugosc uczenia epoki: 0 Ilosc błędów walidujace: 30 MSE 0.014604416095714562 Ilosc błędów uczace: 70 MSE 0.014062172225609841
Epoka nr 27dlugosc uczenia epoki: 0 Ilosc błędów walidujace: 30 MSE 0.014464124152736757 Ilosc błędów uczace: 70 MSE 0.013920900284377546
Epoka nr 28dlugosc uczenia epoki: 0 Ilosc błędów walidujace: 30 MSE 0.014325309324890607 Ilosc błędów uczace: 70 MSE 0.013781151217682818
Epoka nr 29dlugosc uczenia epoki: 0 Ilosc błędów walidujace: 30 MSE 0.014187958278394112 Ilosc błędów uczace: 70 MSE 0.013642911117075775
Epoka nr 30dlugosc uczenia epoki: 0 Ilosc błędów walidujace: 30 MSE 0.01405205768350366 Ilosc błędów uczace: 70 MSE 0.013506166075538641
Epoka nr 31dlugosc uczenia epoki: 0 Ilosc błędów walidujace: 30 MSE 0.013917594219294432 Ilosc błędów uczace: 70 MSE 0.013370902192683026
Epoka nr 32dlugosc uczenia epoki: 0 Ilosc błędów walidujace: 30 MSE 0.01378455457827083 Ilosc błędów uczace: 70 MSE 0.013237105579762832
Epoka nr 33dlugosc uczenia epoki: 0 Ilosc błędów walidujace: 30 MSE 0.01365292547080993 Ilosc błędów uczace: 70 MSE 0.013104762364506141
Epoka nr 34dlugosc uczenia epoki: 0 Ilosc błędów walidujace: 30 MSE 0.013522693629441281 Ilosc błędów uczace: 70 MSE 0.012973858695769386
Epoka nr 35dlugosc uczenia epoki: 0 Ilosc błędów walidujace: 30 MSE 0.013393845812966007 Ilosc błędów uczace: 70 MSE 0.012844380748017284
Epoka nr 36dlugosc uczenia epoki: 0 Ilosc błędów walidujace: 30 MSE 0.013266368810418653 Ilosc błędów uczace: 70 MSE 0.012716314725632017
Epoka nr 37dlugosc uczenia epoki: 0 Ilosc błędów walidujace: 30 MSE 0.013140249444874845 Ilosc błędów uczace: 70 MSE 0.012589646867054957
Epoka nr 38dlugosc uczenia epoki: 0 Ilosc błędów walidujace: 30 MSE 0.013015474577108112 Ilosc błędów uczace: 70 MSE 0.012464363448764606
Epoka nr 39dlugosc uczenia epoki: 0 Ilosc błędów walidujace: 30 MSE 0.012892031109099044 Ilosc błędów uczace: 70 MSE 0.012340450789094242
Epoka nr 40dlugosc uczenia epoki: 0 Ilosc błędów walidujace: 30 MSE 0.012769905987400104 Ilosc błędów uczace: 70 MSE 0.012217895251892642
Epoka nr 41dlugosc uczenia epoki: 0 Ilosc błędów walidujace: 30 MSE 0.01264908620635935 Ilosc błędów uczace: 70 MSE 0.012096683250031557
Epoka nr 42dlugosc uczenia epoki: 0 Ilosc błędów walidujace: 30 MSE 0.012529558811206267 Ilosc błędów uczace: 70 MSE 0.011976801248763382
Epoka nr 43dlugosc uczenia epoki: 0 Ilosc błędów walidujace: 30 MSE 0.012411310901003038 Ilosc błędów uczace: 70 MSE 0.011858235768932511
Epoka nr 44dlugosc uczenia epoki: 0 Ilosc błędów walidujace: 30 MSE 0.012294329631464422 Ilosc błędów uczace: 70 MSE 0.011740973390043994
Epoka nr 45dlugosc uczenia epoki: 0 Ilosc błędów walidujace: 30 MSE 0.01217860221764947 Ilosc błędów uczace: 70 MSE 0.011625000753192755
Epoka nr 46dlugosc uczenia epoki: 0 Ilosc błędów walidujace: 30 MSE 0.012064115936528319 Ilosc błędów uczace: 70 MSE 0.011510304563857106
Epoka nr 47dlugosc uczenia epoki: 0 Ilosc błędów walidujace: 30 MSE 0.011950858129427177 Ilosc błędów uczace: 70 MSE 0.011396871594559764
Epoka nr 48dlugosc uczenia epoki: 0 Ilosc błędów walidujace: 30 MSE 0.011838816204354688 Ilosc błędów uczace: 70 MSE 0.011284688687399952
Epoka nr 49dlugosc uczenia epoki: 0 Ilosc błędów walidujace: 30 MSE 0.011727977638212799 Ilosc błędów uczace: 70 MSE 0.011173742756459883
Epoka nr 50dlugosc uczenia epoki: 0 Ilosc błędów walidujace: 30 MSE 0.011618329978895186 Ilosc błędów uczace: 70 MSE 0.011064020790089
Epoka nr 51dlugosc uczenia epoki: 0 Ilosc błędów walidujace: 30 MSE 0.011509860847276348 Ilosc błędów uczace: 70 MSE 0.010955509853069284
Epoka nr 52dlugosc uczenia epoki: 0 Ilosc błędów walidujace: 30 MSE 0.011402557939094329 Ilosc błędów uczace: 70 MSE 0.010848197088664972
Epoka nr 53dlugosc uczenia epoki: 0 Ilosc błędów walidujace: 30 MSE 0.011296409026730115 Ilosc błędów uczace: 70 MSE 0.01074206972055983
Epoka nr 54dlugosc uczenia epoki: 0 Ilosc błędów walidujace: 30 MSE 0.011191401960886596 Ilosc błędów uczace: 70 MSE 0.010637115054685295
Epoka nr 55dlugosc uczenia epoki: 0 Ilosc błędów walidujace: 30 MSE 0.011087524672170024 Ilosc błędów uczace: 70 MSE 0.010533320480942483
Epoka nr 56dlugosc uczenia epoki: 0 Ilosc błędów walidujace: 30 MSE 0.010984765172576868 Ilosc błędów uczace: 70 MSE 0.010430673474821439
Epoka nr 57dlugosc uczenia epoki: 0 Ilosc błędów walidujace: 30 MSE 0.01088311155688876 Ilosc błędów uczace: 70 MSE 0.0103291615989204
Epoka nr 58dlugosc uczenia epoki: 0 Ilosc błędów walidujace: 30 MSE 0.010782552003978483 Ilosc błędów uczace: 70 MSE 0.010228772504368261
Epoka nr 59dlugosc uczenia epoki: 0 Ilosc błędów walidujace: 30 MSE 0.010683074778029567 Ilosc błędów uczace: 70 MSE 0.010129493932153245
Epoka nr 60dlugosc uczenia epoki: 1 Ilosc błędów walidujace: 30 MSE 0.010584668229672268 Ilosc błędów uczace: 70 MSE 0.010031313714360562
Epoka nr 61dlugosc uczenia epoki: 0 Ilosc błędów walidujace: 30 MSE 0.010487320797038548 Ilosc błędów uczace: 70 MSE 0.00993421977532203
Epoka nr 62dlugosc uczenia epoki: 0 Ilosc błędów walidujace: 30 MSE 0.010391021006738601 Ilosc błędów uczace: 70 MSE 0.00983820013268045
Epoka nr 63dlugosc uczenia epoki: 0 Ilosc błędów walidujace: 30 MSE 0.010295757474761526 Ilosc błędów uczace: 70 MSE 0.009743242898371491
Epoka nr 64dlugosc uczenia epoki: 0 Ilosc błędów walidujace: 30 MSE 0.010201518907302599 Ilosc błędów uczace: 70 MSE 0.009649336279525775
Epoka nr 65dlugosc uczenia epoki: 0 Ilosc błędów walidujace: 30 MSE 0.010108294101519547 Ilosc błędów uczace: 70 MSE 0.009556468579293898
Epoka nr 66dlugosc uczenia epoki: 0 Ilosc błędów walidujace: 30 MSE 0.010016071946220315 Ilosc błędów uczace: 70 MSE 0.009464628197596874
Epoka nr 67dlugosc uczenia epoki: 0 Ilosc błędów walidujace: 30 MSE 0.00992484142248454 Ilosc błędów uczace: 70 MSE 0.009373803631804713
Epoka nr 68dlugosc uczenia epoki: 0 Ilosc błędów walidujace: 30 MSE 0.009834591604221133 Ilosc błędów uczace: 70 MSE 0.009283983477345388
Epoka nr 69dlugosc uczenia epoki: 0 Ilosc błędów walidujace: 30 MSE 0.00974531165866414 Ilosc błędów uczace: 70 MSE 0.009195156428246925
Epoka nr 70dlugosc uczenia epoki: 0 Ilosc błędów walidujace: 30 MSE 0.009656990846809052 Ilosc błędów uczace: 70 MSE 0.009107311277614797
Epoka nr 71dlugosc uczenia epoki: 0 Ilosc błędów walidujace: 30 MSE 0.009569618523791816 Ilosc błędów uczace: 70 MSE 0.009020436918046954
Epoka nr 72dlugosc uczenia epoki: 0 Ilosc błędów walidujace: 30 MSE 0.009483184139212479 Ilosc błędów uczace: 70 MSE 0.008934522341988953
Epoka nr 73dlugosc uczenia epoki: 0 Ilosc błędów walidujace: 30 MSE 0.009397677237405687 Ilosc błędów uczace: 70 MSE 0.008849556642031166
Epoka nr 74dlugosc uczenia epoki: 0 Ilosc błędów walidujace: 30 MSE 0.009313087457659804 Ilosc błędów uczace: 70 MSE 0.00876552901115044
Epoka nr 75dlugosc uczenia epoki: 0 Ilosc błędów walidujace: 30 MSE 0.009229404534386839 Ilosc błędów uczace: 70 MSE 0.008682428742898228
Epoka nr 76dlugosc uczenia epoki: 0 Ilosc błędów walidujace: 30 MSE 0.00914661829724488 Ilosc błędów uczace: 70 MSE 0.00860024523153725
Epoka nr 77dlugosc uczenia epoki: 0 Ilosc błędów walidujace: 30 MSE 0.009064718671215 Ilosc błędów uczace: 70 MSE 0.008518967972128763
Epoka nr 78dlugosc uczenia epoki: 0 Ilosc błędów walidujace: 30 MSE 0.00898369567663437 Ilosc błędów uczace: 70 MSE 0.008438586560572316
Epoka nr 79dlugosc uczenia epoki: 0 Ilosc błędów walidujace: 30 MSE 0.008903539429187366 Ilosc błędów uczace: 70 MSE 0.008359090693600026
Epoka nr 80dlugosc uczenia epoki: 0 Ilosc błędów walidujace: 30 MSE 0.00882424013985635 Ilosc błędów uczace: 70 MSE 0.008280470168727055
Epoka nr 81dlugosc uczenia epoki: 0 Ilosc błędów walidujace: 30 MSE 0.008745788114833798 Ilosc błędów uczace: 70 MSE 0.008202714884160283
Epoka nr 82dlugosc uczenia epoki: 0 Ilosc błędów walidujace: 30 MSE 0.008668173755397421 Ilosc błędów uczace: 70 MSE 0.008125814838666798
Epoka nr 83dlugosc uczenia epoki: 0 Ilosc błędów walidujace: 30 MSE 0.008591387557749788 Ilosc błędów uczace: 70 MSE 0.008049760131404028
Epoka nr 84dlugosc uczenia epoki: 0 Ilosc błędów walidujace: 30 MSE 0.00851542011282402 Ilosc błędów uczace: 70 MSE 0.007974540961713092
Epoka nr 85dlugosc uczenia epoki: 0 Ilosc błędów walidujace: 30 MSE 0.008440262106057004 Ilosc błędów uczace: 70 MSE 0.007900147628876983
Epoka nr 86dlugosc uczenia epoki: 0 Ilosc błędów walidujace: 30 MSE 0.008365904317131636 Ilosc błędów uczace: 70 MSE 0.007826570531845276
Epoka nr 87dlugosc uczenia epoki: 0 Ilosc błędów walidujace: 30 MSE 0.008292337619689446 Ilosc błędów uczace: 70 MSE 0.0077538001689267284
Epoka nr 88dlugosc uczenia epoki: 0 Ilosc błędów walidujace: 30 MSE 0.008219552981014894 Ilosc błędów uczace: 70 MSE 0.007681827137451327
Epoka nr 89dlugosc uczenia epoki: 0 Ilosc błędów walidujace: 30 MSE 0.008147541461692814 Ilosc błędów uczace: 70 MSE 0.007610642133403264
